0.229602648,0.508892238,0.13268499,0.030167302,2.462081269,80416.46819,351150.9519,789429.0502,121839.4163,50545.01344,8905977.527,1
0.013616503,0.445611599,0.082969812,0.021261572,2.095396045,111940.0395,429641.3276,869115.6625,106630.6933,25953.94888,4359863.208,1
0.664113359,0.609606639,0.091995005,0.038640478,2.195741191,134541.1015,502263.197,780317.8433,102548.0613,22922.84684,4145595.379,1
0,0.439530176,0.100120598,0.018014283,2.272807318,388395.9121,336166.1984,606168.8482,109559.6603,14385.72415,1840358.56,1
0,0.437030612,0.07724576,0.045585084,2.529406364,83391.35739,510200.9137,890634.5507,99663.2084,12779.57545,4024445.29,1
0.150599816,0.481046367,0.110665477,0.021229352,3.484346928,150238.9295,343381.7655,612139.3308,125678.5996,36077.19014,3647276.371,1
0.048497848,0.524958522,0.089608322,0.039443422,2.602889757,259580.2996,416114.268,780894.3832,107165.8566,28356.56683,4326671.848,1
0.038070301,0.413741527,0.076946452,0.022895112,3.312496067,256115.1613,427739.1038,914330.1124,112154.3161,24131.67695,5248971.072,1
0.025848438,0.455818661,0.077317495,0.042009646,2.043156472,94637.49539,369070.458,1184432.937,124696.4802,37396.43992,5075201.473,1
0.170605981,0.422357939,0.076141723,0.018120386,2.148138053,128809.8323,359336.8847,627672.7795,118054.3219,27538.96288,3469690.351,1
0.004844504,0.379436869,0.083339898,0.021736135,2.346438594,143890.2253,606243.461,923353.2668,110191.3797,27475.8864,3440267.135,1
0,0.430712987,0.071272812,0.017123609,1.933648562,94348.10648,530382.726,822861.0578,99501.72556,13388.87789,2746406.352,1
0.370822906,0.549233123,0.06806241,0.050297423,2.421090375,202800.7165,325896.4073,435672.2513,124594.5992,42756.907,4428656.229,1
0.028577231,0.379391228,0.082418542,0.03393778,2.379106131,153692.2869,379379.219,709569.8484,115591.2817,22476.30823,4712399.001,1
0.477824579,0.588452429,0.075193438,0.039178372,2.347175492,145526.0073,345819.3352,664020.9461,123253.971,31615.17012,5497056.809,1
0,0.505754364,0.11235578,0.03176667,1.629908159,112311.0936,445905.2521,893160.5941,107402.1835,11356.86759,2597168.125,2
0.125903991,0.469228995,0.073885653,0.054153849,1.422000461,70985.86465,484242.1147,1006910.403,94735.60551,17836.09816,3518556.577,2
0,0.371787115,0.113523835,0.007003062,1.626984583,105074.9118,613868.3894,710709.9122,90138.0387,10444.59725,2178359.857,2
0,0.411193675,0.111435767,0.021894366,1.476074872,84591.73663,473402.6535,966949.1869,118786.9906,29217.06497,3302226.099,2
0,0.357930467,0.165307187,0.017938297,1.489131065,112203.4954,518878.4191,881340.4188,100128.1584,20025.02576,5881127.931,2
0,0.42070938,0.107473057,0.01652018,2.082595389,136876.3574,527369.5309,976542.1467,101987.5674,23896.6454,4408382.855,2
0,0.44594031,0.108068375,0.009253058,1.576826652,71573.59791,536971.4981,892655.5303,86273.49064,9928.27323,2031097.344,2
0,0.471638694,0.079987624,0.00807113,1.791105285,124447.3884,563003.1556,1059346.124,87256.77282,8764.052049,1418514.854,2
0,0.377978228,0.10119627,0.014990685,1.749088478,114068.8071,438229.8759,840318.2519,105933.5805,19542.29361,4083010.625,2
0,0.723779756,0.11430329,0.048270242,3.372167801,124154.3344,434670.3156,1134577.008,98518.36993,7287.855846,1310206.875,2
0,0.41013403,0.072275682,0.02595636,1.597582145,122874.7977,518399.1029,917210.0046,105944.2305,23143.29112,2375181.503,2
0,0.36354869,0.092062055,0.013040116,1.637516906,79608.69113,435483.595,853124.6755,108077.7334,29244.93465,3816851.748,2
0,0.409254522,0.09647058,0.010977927,1.455115234,53763.3912,570303.049,833585.8291,106376.7775,21556.38716,3033112.636,2
0,0.381676263,0.092801383,0.007272551,1.36424064,69385.46789,502402.2862,1100664.221,109134.2843,27730.53237,3315813.678,2
0,0.409460892,0.090383293,0.011656857,1.794394097,155148.282,483042.2368,1120658.67,115990.8975,14541.3254,2620299.428,2
0,0.429834714,0.096146462,0.013327353,5.204971674,135875.9391,492707.1387,978524.8593,99468.9024,22034.06527,4822471.877,3
0.967170089,0.58412952,0.038276884,0.031921475,2.82511654,332092.1966,141899.6262,395414.1844,160161.2162,122316.6573,5512765.404,3
0.062148018,0.617570679,0.069076529,0.011003028,4.931260632,238193.624,201701.1467,384466.1752,144632.3167,51911.29096,5438641.838,3
0.588549865,0.466432866,0.073251872,0.024362618,5.093623273,151874.1546,55920.16951,475377.954,140053.2556,85872.52582,2787309.711,3
0,0.513554601,0.065462467,0.010564195,5.473632005,282155.0107,208238.3395,401304.0345,149577.8892,54387.90228,4565956.323,3
0.414794819,0.651187844,0.071764079,0.055764711,6.34129667,467879.3622,150111.1036,389722.0169,169015.5785,131582.06,8127630.445,3
1.271263454,0.668005489,0.056573844,0.048651684,4.914590009,325469.2649,181453.1071,512723.8759,145034.3256,42976.75182,4306883.268,3
0.052676257,0.592495175,0.084362956,0.067769793,6.216616526,181875.8922,165670.7749,468189.0735,114964.3054,29131.88486,5376362.001,3
0.539573505,0.52617764,0.062099472,0.059950842,7.101312876,196024.2088,405473.5332,419225.8496,119081.6267,34763.84856,4229314.084,3
0.664382643,0.555575905,0.066776277,0.05728959,6.169146379,224660.1371,242337.5022,401457.0018,189900.6317,141672.1702,8168987.746,3
0.402379232,0.748192593,0.047314469,0.088127466,6.039587234,289859.1077,160513.4425,387566.1142,141857.9666,59376.91356,6739742.586,3
0.475678465,0.522316598,0.063268878,0.078492167,5.919508152,286277.0211,135732.1352,430715.5818,146797.8091,55294.72112,5774209.591,3
0.470036513,0.500719481,0.049659838,0.05546776,7.96385696,384397.0176,277980.7644,439926.6142,139650.4575,30774.49475,3407157.436,3
0.122551739,0.456483517,0.08042898,0.059473398,6.311208693,264719.3222,344079.6042,429234.6423,160553.1899,80262.13129,6364112.749,3
0.392583023,0.552842914,0.070314586,0.063796414,5.83201788,150064.3822,189549.3484,520260.7831,137946.5345,61812.38728,6949406.321,3
