0.22960264800000002,0.5088922379999999,0.13268499,0.030167302000000003,2.462081269,80416.46819,351150.9519,789429.0502,121839.4163,50545.013439999995,8905977.527,20
0.013616503,0.44561159899999997,0.082969812,0.021261572000000003,2.095396045,111940.0395,429641.3276,869115.6625,106630.6933,25953.94888,4359863.208000001,20
0.664113359,0.609606639,0.091995005,0.038640478,2.1957411909999998,134541.1015,502263.19700000004,780317.8433,102548.0613,22922.846840000002,4145595.3789999997,20
0.0,0.439530176,0.100120598,0.018014283,2.272807318,388395.9121,336166.1984,606168.8482,109559.6603,14385.72415,1840358.56,20
0.0,0.43703061200000004,0.07724576,0.045585084000000005,2.529406364,83391.35739,510200.9137,890634.5507,99663.2084,12779.57545,4024445.29,20
0.150599816,0.48104636700000003,0.110665477,0.021229352000000003,3.484346928,150238.9295,343381.7655,612139.3308,125678.5996,36077.19014,3647276.3710000003,20
0.048497847999999996,0.524958522,0.08960832199999999,0.039443422,2.602889757,259580.2996,416114.268,780894.3832,107165.8566,28356.56683,4326671.848,20
0.038070301,0.41374152700000005,0.076946452,0.022895112000000002,3.312496067,256115.1613,427739.1038,914330.1124,112154.3161,24131.67695,5248971.072,20
0.025848437999999998,0.455818661,0.077317495,0.042009646,2.0431564719999997,94637.49539,369070.458,1184432.937,124696.4802,37396.43992,5075201.473,20
0.17060598100000002,0.42235793899999996,0.076141723,0.018120386000000002,2.1481380530000003,128809.8323,359336.8847,627672.7795,118054.3219,27538.962880000003,3469690.3510000003,20
0.004844504,0.379436869,0.083339898,0.021736135,2.346438594,143890.2253,606243.461,923353.2668,110191.3797,27475.8864,3440267.135,20
0.0,0.43071298700000005,0.071272812,0.017123608999999998,1.933648562,94348.10648,530382.726,822861.0578,99501.72556,13388.87789,2746406.352,20
0.370822906,0.5492331229999999,0.06806241,0.050297423,2.421090375,202800.7165,325896.4073,435672.2513,124594.5992,42756.907,4428656.228999999,20
0.028577231,0.37939122799999997,0.082418542,0.03393778,2.379106131,153692.2869,379379.219,709569.8484,115591.2817,22476.308230000002,4712399.001,20
0.47782457899999997,0.5884524289999999,0.075193438,0.039178372,2.347175492,145526.0073,345819.3352,664020.9461,123253.97099999999,31615.17012,5497056.808999999,20
0.0,0.505754364,0.11235578,0.03176667,1.629908159,112311.0936,445905.2521,893160.5941,107402.1835,11356.86759,2597168.125,8
0.125903991,0.469228995,0.073885653,0.054153849000000004,1.4220004609999999,70985.86465,484242.1147,1006910.4029999999,94735.60551000001,17836.098159999998,3518556.577,8
0.0,0.371787115,0.113523835,0.007003061999999999,1.626984583,105074.9118,613868.3894,710709.9122,90138.0387,10444.59725,2178359.857,8
0.0,0.411193675,0.11143576699999999,0.021894366000000002,1.4760748719999999,84591.73663,473402.6535,966949.1869,118786.9906,29217.06497,3302226.099,8
0.0,0.35793046700000003,0.165307187,0.017938297,1.489131065,112203.4954,518878.4191,881340.4188,100128.1584,20025.02576,5881127.931,8
0.0,0.42070938,0.107473057,0.01652018,2.082595389,136876.3574,527369.5309,976542.1467,101987.5674,23896.6454,4408382.855,8
0.0,0.44594031,0.108068375,0.009253058,1.5768266519999998,71573.59791,536971.4981,892655.5303,86273.49064,9928.273229999999,2031097.344,8
0.0,0.47163869399999997,0.07998762400000001,0.00807113,1.791105285,124447.3884,563003.1556,1059346.124,87256.77282,8764.052049,1418514.854,8
0.0,0.37797822799999997,0.10119627,0.014990685,1.7490884780000002,114068.8071,438229.8759,840318.2519,105933.5805,19542.29361,4083010.625,8
0.0,0.7237797559999999,0.11430329,0.048270242000000005,3.3721678010000002,124154.3344,434670.3156,1134577.008,98518.36993,7287.8558459999995,1310206.875,8
0.0,0.41013403,0.07227568200000001,0.02595636,1.597582145,122874.7977,518399.1029,917210.0046,105944.2305,23143.291119999998,2375181.503,8
0.0,0.36354869,0.092062055,0.013040116000000001,1.6375169059999999,79608.69112999999,435483.595,853124.6755,108077.7334,29244.93465,3816851.748,8
0.0,0.409254522,0.09647058,0.010977927,1.455115234,53763.3912,570303.049,833585.8291,106376.7775,21556.38716,3033112.6360000004,8
0.0,0.38167626299999996,0.092801383,0.0072725509999999995,1.36424064,69385.46789,502402.2862,1100664.221,109134.2843,27730.532369999997,3315813.6780000003,8
0.0,0.409460892,0.090383293,0.011656857,1.7943940969999999,155148.282,483042.2368,1120658.67,115990.8975,14541.3254,2620299.4280000003,8
0.0,0.429834714,0.09614646199999999,0.013327353,5.204971673999999,135875.9391,492707.1387,978524.8593,99468.9024,22034.06527,4822471.877,24
0.967170089,0.58412952,0.038276884,0.031921475,2.82511654,332092.1966,141899.6262,395414.1844,160161.2162,122316.6573,5512765.404,24
0.062148018,0.617570679,0.069076529,0.011003028,4.931260632,238193.62399999998,201701.1467,384466.1752,144632.3167,51911.290960000006,5438641.8379999995,24
0.588549865,0.466432866,0.073251872,0.024362618,5.093623273,151874.1546,55920.16951,475377.95399999997,140053.2556,85872.52582000001,2787309.711,24
0.0,0.513554601,0.065462467,0.010564195,5.473632005,282155.0107,208238.3395,401304.0345,149577.8892,54387.902279999995,4565956.323,24
0.414794819,0.651187844,0.07176407900000001,0.055764710999999995,6.34129667,467879.3622,150111.1036,389722.0169,169015.5785,131582.06,8127630.445,24
1.271263454,0.668005489,0.056573844000000005,0.048651684,4.914590008999999,325469.2649,181453.1071,512723.8759,145034.3256,42976.75182,4306883.268,24
0.052676257000000004,0.592495175,0.084362956,0.067769793,6.216616526,181875.8922,165670.7749,468189.0735,114964.3054,29131.884860000002,5376362.001,24
0.539573505,0.52617764,0.062099472,0.059950842000000004,7.101312876000001,196024.2088,405473.5332,419225.8496,119081.6267,34763.848560000006,4229314.084,24
0.6643826429999999,0.555575905,0.066776277,0.05728959,6.169146379,224660.1371,242337.5022,401457.0018,189900.6317,141672.1702,8168987.746,24
0.40237923200000003,0.748192593,0.047314469000000005,0.088127466,6.039587234,289859.1077,160513.4425,387566.1142,141857.9666,59376.91356,6739742.586,24
0.475678465,0.522316598,0.063268878,0.078492167,5.919508152000001,286277.0211,135732.1352,430715.5818,146797.8091,55294.72112,5774209.591,24
0.470036513,0.500719481,0.049659838,0.05546776,7.96385696,384397.0176,277980.7644,439926.6142,139650.4575,30774.49475,3407157.436,24
0.122551739,0.456483517,0.08042898,0.059473398,6.311208692999999,264719.3222,344079.6042,429234.6423,160553.1899,80262.13129,6364112.749,24
0.392583023,0.552842914,0.070314586,0.06379641400000001,5.83201788,150064.3822,189549.3484,520260.7831,137946.5345,61812.387279999995,6949406.321,24
0.268456665,0.7035005390000001,0.063134534,0.073489098,3.723659086,259894.3371,82917.55755,368173.6169,151367.2138,73191.00128,11768966.81,24
0.652091243,0.575640213,0.057455235,0.084485707,3.6458031460000004,74581.07007,95174.59492,428931.7575,142231.2913,84205.30012,7288631.694,24
0.0,0.5225382820000001,0.067332753,0.032877163,2.29529581,75975.38332000001,163969.812,356876.9437,130335.0127,35987.81609,5821778.266,24
0.003904377,0.565828499,0.062125325,0.04972454900000001,2.875101645,90866.57124,108416.1494,428331.8484,120615.1022,34339.588639999994,6216002.772999999,24
0.0,0.467880652,0.06140812599999999,0.034811162,1.677162441,106663.3481,170192.0429,498966.3736,131441.8089,22155.63914,5621414.917,24
0.0,0.553793159,0.08301673,0.017600372,1.277953079,85438.26296000001,106933.8948,496609.3493,126890.6836,39678.9839,9334883.307,24
0.0,0.656011262,0.072695678,0.01190148,1.3671650830000002,75528.19901,107230.3544,531845.3503,123940.1357,52028.174680000004,11496945.36,24
0.071192769,0.5095156270000001,0.08224010400000001,0.048429787,4.850929058,148722.0939,172545.9282,678735.577,130591.4906,42165.469939999995,3266361.923,24
0.306187344,0.55611673,0.048559515,0.039953097,4.995953248,85434.07217,202367.4575,501306.3817,147438.1882,61913.57785,4159576.687,24
0.0,0.501505794,0.07497104,0.015930458999999998,3.758259898,113975.2725,125311.6079,368614.2405,135269.3804,53229.970239999995,6499453.416,24
0.176289298,0.615110412,0.07281121,0.033780423,4.119317458,45997.72561,134652.3354,506586.8906,135875.7217,46416.0197,5228066.319,24
0.0,0.46384719799999996,0.057056584,0.042351982,3.25354314,118262.3461,160486.1758,505116.896,127994.97300000001,31279.83487,4476503.33,24
0.519882291,0.644404946,0.048899553,0.030581043,5.402609517,166555.1838,108769.038,495125.5949,131782.1105,42423.31187,6532086.262,24
0.402758998,0.488130186,0.047018193,0.04570658,3.5746000089999996,125619.1882,124881.8485,554280.6447,120978.5204,38913.8535,7479179.072000001,24
