0.038070301,0.0,0.414794819,0.037548573
0.445611599,0.41013403,0.552842914,0.5549549444999999
0.082418542,0.10119627,0.066776277,0.0626299295
0.030167302,0.014990685,0.055764711,0.0373821295
2.347175492,1.626984583,5.919508152,3.6102015775
143890.2253,112203.4954,264719.3222,98764.95967000001
379379.219,502402.2862,189549.3484,125096.7282
780894.3832,917210.0046,429234.6423,497787.86144999997
112154.3161,105933.5805,144632.3167,131016.64975000001
27475.8864,19542.29361,55294.72112,42294.390905
4326671.848,3033112.636,5438641.838,6357728.0945
